1000 5 650
1 0.03 0.01
1 3 3 300 30 2 1 A 
2 3 3 505 30 5 1 A 
3 3 3 150 30 3 1 A 
4 3 3 400 30 4 1 A 
5 1 3 125 150 3 1 A 
6 1 3 150 100 4 1 A 
7 2 4 200 300 2 1 A 
8 2 4 200 300 2 1 A 
9 2 4 200 300 2 1 A 
10 2 4 105 300 5 1 B 
11 2 4 105 300 5 1 B 
12 2 5 105 100 4 1 B 
13 2 5 105 100 3 1 B 
14 2 5 100 100 2 1 B 
15 2 5 105 30 1 1 B 
16 2 6 105 90 2 1 B 
17 2 6 150 90 1 1 B 
18 2 6 150 30 2 1 B
19 2 6 150 30 1 3 B 
20 3 7 159 30 3 5 B
21 3 8 150 30 4 3 B
22 3 9 159 30 3 5 B
23 3 9 150 30 4 4 B 
24 2 9 150 150 3 2 C 
25 1 9 150 100 4 1 D 
26 2 9 150 100 3 1 C 
27 1 9 1000 30 4 1 D
28 2 9 105 90 4 2 C
29 1 10 150 40 3 3 D 
30 0 10 105 5 4 3 C 
31 0 11 150 2 4 5 D 
32 0 12 105 1 4 6 C 
33 0 13 150 3 4 7 D 
34 0 15 105 1 2 2 C 
35 4 15 150 30 3 1 D 
36 4 15 105 30 4 1 C
37 4 16 150 30 3 1 D
38 4 17 105 30 4 1 C 
39 4 18 400 30 3 1 D 
40 3 19 400 30 4 1 C
41 3 20 500 30 3 1 D
42 0 20 15 2 4 4 A
43 0 20 15 1 3 5 A 
44 0 20 15 2 4 6 B 
45 0 21 15 3 3 4 B 
-1