1000 5 1000
1 0.03 0.01
1 3 1 200 300 2 1 A 
2 3 1 50 300 5 1 A 
3 3 2 150 300 3 1 A 
4 3 3 40 300 4 1 A 
5 1 3 125 150 3 1 A 
6 1 3 150 100 4 1 A 
7 2 4 250 300 2 1 A 
8 2 4 20 300 2 1 A 
9 2 4 200 300 2 1 A 
10 2 4 100 300 5 1 B 
11 2 4 105 300 5 1 B 
12 2 5 170 100 4 1 B 
13 2 5 105 100 3 1 B 
14 2 5 100 100 2 1 B 
15 2 5 105 300 1 1 B 
16 2 6 105 900 2 1 B 
17 2 6 150 900 1 1 B 
18 2 6 150 350 2 1 B
19 2 6 150 300 1 3 B 
20 3 7 159 350 3 5 B
21 3 8 150 350 4 3 B
22 3 9 159 300 3 5 B
23 3 9 150 300 4 4 B 
24 2 9 150 150 3 2 C 
25 1 9 150 100 4 1 D 
26 2 9 150 100 3 1 C 
27 1 9 100 300 4 1 D
28 2 9 105 900 4 2 C
29 1 10 150 400 3 3 D 
30 0 10 105 5 4 3 C 
31 0 11 150 2 4 5 D 
32 0 12 105 1 4 6 C 
33 0 13 150 3 4 7 D 
34 0 15 105 1 2 2 C 
35 4 15 150 300 3 1 D 
36 4 15 105 300 4 1 C
37 4 16 150 300 3 1 D
38 4 17 105 300 4 1 C 
39 4 18 400 370 3 1 D 
40 3 19 400 300 4 1 C
41 3 20 500 350 3 1 D
42 0 20 150 2 4 4 A
43 0 20 150 1 3 5 A 
44 0 20 150 2 4 6 B 
45 0 21 150 3 3 4 B 
46 3 21 200 30 2 1 A 
47 3 21 500 300 5 1 A 
48 3 22 150 300 3 1 A 
49 3 22 400 360 4 1 A 
50 1 22 125 150 3 1 A 
51 1 22 150 100 4 1 A 
52 2 23 250 300 2 1 A 
53 2 23 20 350 2 1 A 
54 2 23 200 300 2 1 A 
55 2 24 100 300 5 1 B 
56 2 24 105 300 5 1 B 
57 2 24 170 100 4 1 B 
58 2 25 105 100 3 1 B 
59 2 25 100 100 2 1 B 
60 2 25 105 303 1 1 B 
61 2 26 105 900 2 1 B 
62 2 26 150 900 1 1 B 
63 2 26 150 300 2 1 B
64 2 26 150 300 1 3 B 
65 3 26 159 300 3 5 B
66 3 26 150 300 4 3 B
67 3 27 159 300 3 5 B
68 3 27 150 300 4 4 B 
69 2 27 150 150 3 2 C 
70 1 27 150 100 4 1 D 
71 2 27 150 100 3 1 C 
72 1 27 100 300 4 1 D
73 2 27 105 900 4 2 C
74 1 28 150 400 3 3 D 
75 0 28 105 5 4 3 C 
76 0 28 150 2 4 5 D 
77 0 28 105 1 4 6 C 
78 0 28 150 3 4 7 D 
79 0 28 105 1 2 2 C 
80 4 29 150 300 3 1 D 
81 4 29 105 300 4 1 C
82 4 29 150 300 3 1 D
83 4 29 105 300 4 1 C 
84 4 30 400 300 3 1 D 
85 3 30 400 300 4 1 C
86 3 30 500 300 3 1 D
87 0 30 15 2 4 4 A
88 0 31 15 1 3 5 A 
89 0 31 15 2 4 6 B 
90 0 31 15 3 3 4 B 
-1