KTS	S	FD	KD	LT
19	29	0	9	9
19	31	0	8	8
21	25	0	12	12
22	28	0	13	13
23	30	0	13	13
25	14	0	20	20
25	33	0	12	12
26	10	0	22	22
26	12	0	21	21
26	32	0	14	14
26	24	0	17	17
29	37	4	9	13
31	34	12	4	16
32	26	0	23	23
36	36	0	21	21
37	35	0	22	22
41	38	0	24	24
42	13	0	37	37
42	11	0	38	38
42	16	8	28	36
46	17	0	40	40
46	20	36	3	39
47	39	4	25	29
48	19	21	21	42
48	21	39	1	40
56	7	0	52	52
56	15	38	13	51
68	41	6	42	48
76	18	37	33	70
77	22	38	30	68
100	4	0	97	97
100	8	0	96	96
100	9	0	96	96
100	40	8	73	81
101	44	29	52	81
101	23	40	52	92
101	45	80	0	80
102	1	0	99	99
102	3	0	99	99
102	5	0	99	99
103	27	0	94	94
103	2	0	100	100
103	42	83	0	83
103	43	83	0	83
103	6	100	0	100

T1_Total_Damage	T2_Total_Damage	T3_Total_Damage	T4_Total_Damage
1000		1000		1000		996.311		

R1_Unpaved_Dist	R2_Unpaved_Dist	R3_Unpaved_Dist	R4_Unpaved_Dist
17		2		2		2		

Game is WIN !

Total number of enemies: 45
Average First-shot delay: 14.8
Average kill delay: 35.2
